438680
17305
2673
106336
13732
139718
363886
472872
593547
601259
220317
310360
62623
285644
24712
400726
14903
2166
708728
719017
835543
482233
402150
2953
26271
4621
20703
21485
285647
113420
12793
596999
20081
651100
8192
33805
84870
667440
25574
183102
127568
653754
114865
5961
66703
68493
464939
330544
240257
19415
225985
33212
22967
10229
317552
35075
73521
11380
593046
15296
5165
23082
58176
306913
840716
552958
14596
425992
26524
6122
361470
777305
203500
383459
46087
3687
19216
694810
20514
21829
722040
849186
66554
498680
516044
94484
351701
130000
804288
138814
235079
14949
469670
1815
66607
419573
48933
14412
606034
25894
285583
136668
9373
247959
826386
144216
757367
37499
852882
441509
51208
653465
733881
35289
225997
202504
27184
158711
536746
203044
13922
286245
577664
26558
528956
399265
234611
141625
370817
5316
19063
151397
31310
246303
707084
710667
802448
115405
392364
534516
14400
11128
23821
26020
622124
47328
25471
21245
443155
8719
25124
15690
291077
16959
56967
218751
12983
20076
4541
470468
26928
631786
360689
783299
5259
553
407213
490947
665523
460224
809646
251825
315142
25160
118205
658041
52564
68450
12003
363533
43131
54976
465971
10445
15911
3733
23053
567050
636103
467592
11210
748710
2323
517779
471346
569181
67003
340512
13685
79827
745476
371541
612619
621871
342917
15770
546771
38075
7290
496294
8745
12347
53289
702834
324719
41376
64171
537524
119343
566093
177281
498465
24781
51073
820521
159302
203920
30360
479858
744486
11683
50931
2791
58270
11054
14303
202919
37583
336722
23239
568338
57900
827050
4384
203067
49046
30396
20706
606845
693054
431858
5028
11566
168583
694842
804972
84875
197966
203701
323077
40178
798255
798613
5008
575764
5574
620976
136910
15350
2782
16334
19004
19510
696762
13088
422
150898
381640
53771
25429
5703
23664
202996
3844
46804
74855
17723
521826
52181
203746
203918
9287
5504
478383
624486
25608
118967
63443
15077
10364
609456
494789
203281
218564
8904
133420
107695
6090
482771
171
26038
37928
292430
395093
267506
168192
18451
3431
18892
8657
17330
446310
457787
830755
16452
7196
130014
289550
310576
20847
12298
783570
126191
89598
237944
642775
492198
191668
130593
17047
117131
464439
352760
53900
131998
46995
740683
20938
674177
49168
27508
14270
849661
625221
717255
46698
374517
762362
237046
11143
167641
509318
21895
6640
590643
598292
10771
27933
487861
54142
60748
293646
24338
747616
23949
580368
314651
388138
256356
23822
547642
649764
583918
137582
359745
374965
607971
9815
452369
13469
501126
53033
158508
203306
287613
166114
204081
155475
631908
583457
420527
21451
375980
26640
22354
5153
64140
12410
126735
638318
299991
20873
9249
785742
21129
46472
203881
449435
56780
506112
109097
33092
6850
148511
15430
28282
660385
749897
203243
4387
6149
17202
5261
286165
486742
24890
204170
771002
310157
38211
7231
70274
26955
376212
131228
675496
8727
605482
75601
485980
698404
372887
203465
145718
123589
72036
31712
609047
450090
819478
3968
204125
20985
203589
493331
43898
104202
44705
10964
20495
494596
558807
203307
71055
665220
508848
404306
204004
204086
24354
718613
155732
362660
83485
7489
338141
354081
506963
54389
245335
125202
28460
23571
507437
467809
805396
130925
149238
452502
779492
83493
472816
3310
606187
444776
262981
79972
187513
66343
698230
413054
77431
26482
65475
17996
117960
149480
592178
212788
483807
292607
25399
53119
244
184997
85658
12725
24832
534312
5240
16338
13507
704153
42335
603085
26636
26311
329655
817932
709493
181142
648570
339564
260041
22146
25871
36092
46146
157701
428394
203032
11384
540566
591603
211754
469892
95918
766101
198400
267260
34691
374158
481831
48265
658765
596064
27932
5138
531222
531056
75762
454154
37322
599979
24753
546986
37996
65620
492906
151446
203127
153808
358453
26065
31519
407332
10038
3916
69519
316174
5891
25298
688743
80792
383901
5966
57672
70404
3904
12297
13370
10973
4268
551321
12256
119978
260308
202959
96822
25845
560801
763196
54330
123329
357569
6002
67718
196906
779798
749342
257477
54777
66734
133238
13364
712172
794042
240984
651786
271102
364886
51061
525619
38022
320773
613347
760044
131031
15704
7228
24428
198787
6929
181688
453327
67160
581950
6316
21285
317341
53674
5529
22874
764471
117299
37252
24754
486361
845758
6143
40524
8950
1729
448635
118714
137488
22318
48671
135978
210
5720
1299
319404
774257
203119
19396
754771
23243
366142
6055
9363
22047
70533
116150
14787
110004
540523
559271
94939
84919
38214
26959
17446
77225
409959
46954
9835
378099
202978
16512
88090
830
8578
615208
482890
62485
54588
203093
569576
206601
532159
141897
470360
9786
413139
8869
440560
24977
6333
608427
