187032
204100
5250
203566
20221
544478
31726
21003
14148
178839
10473
425875
409751
52809
130910
21108
11665
334364
228240
582780
26464
781846
350367
493249
72535
468700
38580
136589
5473
24011
506148
434606
131477
615338
540349
447424
164465
627431
42335
66281
267841
36929
809663
38210
466347
701421
41588
69054
27123
9148
203533
19863
15611
519846
772919
34286
570173
97673
92531
9412
94936
3032
268858
418917
612596
19037
4853
181185
15091
388103
68639
541582
483410
2178
137404
440259
725209
203342
298291
384388
298137
23817
1662
1868
238455
341231
698577
436774
5172
10983
94288
782294
618224
468386
320937
23430
765666
445949
186038
4930
106606
26550
109436
10972
1721
69666
609792
202985
203223
19676
11506
43330
14187
284361
783745
22345
1592
47322
526262
1221
595023
4387
25110
759821
506963
26016
3661
24048
13449
43974
153954
6756
355550
407649
140923
25592
277454
51645
14403
595784
19167
56270
543451
730634
14717
219927
10614
38456
56905
165698
689104
203604
203815
72870
27299
26096
18425
4987
647306
668334
19633
16052
771814
203089
25386
28594
522295
204167
203457
69125
610893
539236
38452
19330
210927
207019
56
35791
8857
543112
652457
7215
593487
3850
6843
9900
198490
19419
37598
333785
3682
680642
10664
428016
845759
483483
285362
15147
157391
10706
485484
9272
639087
10985
33042
596147
15945
319403
83483
24875
597625
17575
435013
509499
203192
833030
120376
14627
335908
132259
256854
46009
15423
14975
369074
441876
203202
252310
602283
204038
756809
91464
87885
14974
202919
92287
39803
18132
22883
487829
509510
79976
150656
77411
182939
203138
769915
53802
853158
574124
817222
349859
5504
613825
606751
446200
14299
11668
4043
745962
204081
310984
815828
11111
10891
661212
834972
454903
285749
510745
213983
9787
403039
19317
60805
50316
671664
17495
129950
517756
851487
203052
2619
131972
7829
709244
18628
92102
30710
322784
525906
8667
9550
601075
203076
21739
646318
116543
340866
203148
31100
185241
16939
549341
483826
610708
203307
767203
204120
474603
14860
628571
18826
289474
698723
393104
14693
203372
167646
51906
801489
211835
469173
88828
225626
9491
703298
40094
185529
22029
132197
651419
571541
23509
841715
528012
468185
203368
16821
469708
668083
557721
507437
39673
548517
77725
186358
148640
14303
26037
152087
91188
59376
283363
316995
482213
21013
773584
551275
231018
204083
637912
203890
56710
10497
1370
319106
18702
15590
97572
317559
271186
397694
14643
638331
325636
816431
420873
266470
49183
750121
12053
322848
7251
204121
20333
705572
482255
137740
715093
35556
11384
657586
773102
323487
683526
164131
823237
455377
365867
191265
241105
560810
679970
108296
207512
300511
214958
30593
115633
367963
435915
359096
286343
479606
130487
626201
624804
467007
554101
607801
473848
125523
265582
817399
186956
78115
70869
180269
738357
468817
706707
800780
340304
371620
797138
351631
131431
620648
255842
297637
285890
299812
547432
3986
32664
819479
400224
524194
735185
143511
285714
325709
64356
813115
767842
787036
247483
625344
203617
267383
173848
86893
623546
42048
668106
269261
632720
120048
725001
459305
166288
605187
359491
305635
108695
802018
506838
848536
579878
208392
739877
580644
8465
650349
403609
269462
29750
604903
692059
92550
453158
635527
325713
15279
458602
379380
333871
722924
653448
324008
740261
348168
5489
140223
786704
506569
42550
180936
558766
565419
663817
286977
393009
140133
689720
493512
18940
295197
679701
553223
400730
419012
282820
12322
56370
317039
618553
806904
840
676337
635505
153608
271891
623678
198386
172009
556694
48272
44343
437547
653737
492842
443433
523385
510690
850420
278584
839444
651299
605428
704272
242141
8713
98247
704476
724353
539939
663647
731206
376925
541285
836954
238521
548850
556381
806743
793508
82017
9133
851120
304576
567041
492983
265875
696375
749573
611320
76848
8940
622158
193221
27443
801162
102383
504770
31161
345055
413331
265971
209425
139931
804455
515935
315887
280384
76837
743856
118415
390768
55444
609248
308433
430199
573071
237492
837037
434983
527397
36898
169485
426993
592864
434906
561865
622446
165445
823215
162610
725612
803129
295453
634242
96954
272523
619269
310200
780052
760271
805341
211103
748942
319791
155639
325261
749032
642511
678846
509522
608183
35221
158337
85101
673441
547671
763160
705495
129274
686330
126772
523411
498960
839944
651315
355048
347266
94860
199825
576545
28053
296538
114827
15395
316100
717017
845121
823713
588820
461895
375393
175399
707005
503259
791574
446427
849644
639923
396654
189971
437950
407769
832007
78747
231722
292043
266727
210755
103994
52081
303525
708812
546461
222900
37064
606553
144569
70221
109870
629502
419847
619693
161546
600376
430587
461206
685759
570106
566588
547849
357770
239891
808010
888
203701
108487
782041
423169
512458
278891
471034
694204
413220
826189
583698
281382
464157
719762
193169
694254
213379
6703
294505
432708
482801
409476
793176
503528
716510
156288
341811
89863
161976
363411
506082
772937
834433
668919
332236
140682
416588
10883
254482
564012
507527
682385
90182
186985
350772
268091
600146
558762
512748
718268
843718
79642
76335
252208
92075
26440
669537
681089
478953
593471
528263
290347
749161
528658
247818
672145
471722
746563
471965
609599
343503
664178
181598
696110
318771
545558
426535
635317
458659
597075
709680
781455
769950
749036
853635
188656
561712
314857
624482
361432
97320
216379
617934
491952
607205
654791
159316
123995
220345
253829
39302
537059
120074
589194
491357
700247
481560
181994
301738
259309
518552
377790
347369
783445
554927
817403
349530
111178
321791
522955
813565
483455
203232
794573
708285
495826
630991
236737
456301
125025
510679
58039
735364
627113
718740
107053
739530
455365
139866
472971
224699
383110
214736
664931
545313
238403
400997
102469
678316
565514
282157
656652
370538
828692
131655
683722
457983
204523
613561
695610
377278
58383
368923
609429
188576
609411
839301
471175
829000
809299
634552
41827
13881
61662
641349
452438
282850
844807
613229
587063
260506
315767
809471
288552
829338
138465
688543
767043
706416
750569
331399
284185
538700
693726
31349
506814
412413
781665
512455
15734
589082
31775
202249
660611
19433
82905
454752
55363
316423
618837
585394
718097
730385
57568
402656
57495
506245
17399
156610
289373
489326
546100
748479
451025
492592
399078
523759
45497
182075
752232
226572
73050
135182
766931
349249
233050
408301
203856
290620
206694
378545
473166
439076
828229
476832
728577
408699
128050
34962
9319
659645
663129
597678
374851
316599
386993
816733
679693
498993
819466
7085
319903
498362
32349
833710
749228
203748
408505
758986
651547
373531
411930
262117
314637
17177
566651
793163
212095
588089
412899
83021
203106
47228
596897
716668
440330
741116
100817
299190
665498
340180
190914
397562
303994
127779
463890
414810
9855
728876
85768
509979
262474
564994
772670
6037
845787
677239
379964
697338
699239
278487
540794
717681
725167
47772
705850
555703
475084
435909
333972
317812
131630
629379
602344
251248
835188
629094
670527
363926
300740
705377
400606
460196
161267
320787
740001
494527
311598
15709
80866
384303
462110
764872
76160
145567
503006
327130
688781
473311
543841
244822
285586
702355
568581
542220
416745
87367
783368
720914
182032
708283
755250
634147
697140
326609
190084
316884
670724
690532
424354
757229
813461
561687
835522
717460
297249
328684
431729
415639
393736
571985
811532
423003
258776
118584
170850
725028
170499
104667
489283
821102
76054
10854
475136
834778
155541
39514
604089
643128
528639
358485
95851
144310
285892
354025
816306
80861
820196
800082
198964
529279
616289
365471
29634
239846
181355
589755
569906
408686
11656
271004
276274
562165
779441
217398
287475
507357
9811
310759
141771
358656
14819
655109
271956
768332
233909
253858
408600
561030
202226
747414
833583
98943
81940
655301
185058
76155
812538
715672
233276
294003
314548
590627
640632
382982
2582
792107
153939
686504
534324
492035
194037
513930
842172
100861
150381
376680
743592
504811
222382
83395
743585
543762
200584
318096
374216
63528
709678
635740
671724
367370
398645
283541
757899
317850
123420
161453
129853
560889
307985
75489
751166
745494
670666
167278
661295
99565
664939
183064
618750
652927
364223
568906
272170
273208
594152
579251
649602
624332
566617
240321
401459
477865
567252
99646
617503
269179
851616
754120
120502
456748
606192
153643
234863
228727
83962
119341
19436
107197
187059
695969
20663
774313
339570
257285
790799
610871
383394
667616
85019
574574
360927
224784
26963
235455
648928
771495
266387
424368
521823
694751
616912
687289
341178
818553
419344
806913
473184
331015
683008
831124
318237
449219
842653
342606
524529
76146
42424
53426
803845
132994
509681
322372
835253
153439
175797
523139
577002
319543
349651
245521
672768
493816
162471
527185
620970
573331
331679
601640
223500
93001
101887
619442
507675
165927
669270
712141
811408
770611
335197
125328
340399
60495
46932
310045
749084
755095
330568
596425
76368
402888
249439
758719
692387
805417
482158
52319
753509
398153
107655
463805
456027
315958
761084
401260
776922
9463
721333
327261
393821
586992
317778
674437
686232
207007
751575
432761
87724
136494
554714
704594
716430
538023
368483
775516
416381
351969
249893
231752
41685
122882
648223
350732
681185
29255
839941
192609
72499
691173
283719
418312
500903
653344
540697
767052
558646
22691
674723
364564
611373
216763
70357
438641
725124
366582
330600
61040
457278
638305
667612
723551
849586
426342
23500
60419
548621
607861
508386
529070
671136
465239
450989
331975
648989
685733
336412
143117
195989
488033
235972
387215
484338
88163
156171
165128
587417
150425
88203
843543
702906
793761
533655
70992
714373
167777
156693
246500
159033
563330
736025
319276
232560
662000
363695
116130
648846
672864
694164
20235
588767
414027
792757
699281
65708
91622
304034
725848
827119
479122
569543
258187
744840
811990
653488
181435
767010
460131
476741
135090
519355
725445
428810
105903
853512
389609
112543
181518
60595
18186
848863
658184
546811
544695
299911
89003
46681
794130
745547
635512
381498
760310
405223
778739
747143
783507
202796
250211
294023
120464
75274
605386
43961
207747
423405
736045
8145
664006
142651
557255
267845
736264
615509
542362
466605
457771
32161
34647
849618
310154
34504
57169
594129
548585
636497
300541
543208
687570
699326
412070
416099
313331
379697
767302
44597
253929
398279
15584
405896
775176
300820
203394
124570
628298
335181
20108
236616
359336
828723
471237
205995
23411
605090
429777
107112
186943
540901
17835
240145
61276
60087
152553
100870
613960
789216
832503
353054
239138
186516
826975
634150
377257
667941
52083
800456
559593
515362
656051
600551
697590
103928
557336
361484
760110
544811
418502
222370
350901
208233
541429
402251
31651
26896
259289
111925
800119
612339
246212
361779
119977
278946
631001
254986
412111
566019
694414
9809
55143
288872
644983
73402
107158
438226
691537
385980
544433
135086
490477
613155
27417
654966
5950
13143
257712
8539
758107
241144
599606
367267
592120
790630
204082
553580
758698
422316
601054
213080
45552
355713
792080
607145
426254
116878
347778
389769
798985
504307
577807
92719
92549
219049
633866
529027
588818
575069
449254
619660
338193
555551
796190
194719
713156
179261
452709
427905
844937
91878
651627
104813
260958
321872
306073
256761
22206
253507
113099
410634
129126
47273
57067
119675
524101
810301
543129
276543
73025
22023
158049
427699
301937
348726
840819
126761
2817
373967
746887
392560
589539
734416
185967
135480
816437
793600
707129
713656
714847
529713
77591
109184
463691
502248
298305
550142
781275
767510
558279
48942
532683
327544
834496
847192
175060
100467
757345
241914
764648
510605
313548
440734
634225
643396
380422
234150
820059
300676
433696
430461
315987
221292
720141
250856
459496
680898
759353
596351
846645
451996
357114
124627
153956
179204
681288
784762
425219
270767
17332
395863
184131
342449
559590
717777
343197
698718
200868
613754
783673
711611
164947
111668
132233
375361
678771
577912
379154
462408
258954
311666
770632
18469
489761
88788
586733
740325
217130
53883
47132
691276
393313
724951
84959
338546
539270
201423
421702
336357
343639
580876
765916
111763
422237
275382
564312
672624
406267
795719
680486
109559
840515
395779
421762
646208
467224
454902
607950
224349
514121
571384
822080
761574
807618
543041
389322
228723
7617
36381
73754
501009
89450
410103
596039
769280
587945
735731
454005
744175
813945
348260
146146
81156
360582
276862
496533
761365
55269
573694
804470
598112
760328
375047
2494
337853
415465
642759
330921
576548
239143
665230
686115
770421
9868
435077
254757
281974
89053
182481
467983
677094
550438
707973
244254
269614
119560
92337
134005
496878
347452
674344
491
686671
104484
833382
255722
39917
57983
547440
683785
292702
262892
579462
305855
242557
364235
167910
460149
63868
435793
560924
324019
180469
792869
202120
649520
129544
220792
517710
525852
50990
404770
552790
73121
156709
399897
486583
271138
687701
262451
764098
171795
535833
97378
593911
392402
832228
124077
490780
231011
660934
409913
332308
462999
531863
332387
488389
704054
247132
690207
474141
380865
116788
252467
326454
612010
614655
569495
637926
839225
651906
474855
807802
282942
253489
346394
453437
347271
576078
800949
66945
246493
1606
350208
242552
704570
582230
123394
667633
547191
776758
510429
239481
507495
213021
497047
457220
782895
414875
388060
504561
564796
346149
395198
236815
324415
771048
468740
477098
39446
336149
346879
818545
833745
168906
285920
736735
699223
283557
146682
220842
644208
224462
217776
655028
147597
1655
240178
91933
676444
413133
740635
117076
123604
850670
339303
604075
376251
458387
242165
711191
796377
9733
443068
476919
151492
536619
310311
297830
108520
112709
451912
543635
43853
180325
87546
21477
641151
396214
372937
416060
688737
445886
543004
800939
675247
150135
185197
162342
76613
609984
419170
782310
412651
126658
535642
735080
401017
67022
123314
564062
635959
433350
358506
622041
344918
540233
737672
807997
710107
789018
345141
735464
409605
157945
26442
526043
765144
278342
628240
440428
384353
639981
662805
255016
210452
750492
556324
657224
377008
142141
75409
294332
591136
564578
591951
196708
562398
548971
722297
542225
132940
73956
143060
669777
139651
805567
476962
61411
475786
261866
282986
563939
642481
108544
161806
295173
441656
703065
117717
751933
277947
832590
459532
829330
450703
318399
640035
119104
623970
584574
381994
183483
435562
54379
601103
403054
134144
93932
473505
728657
298094
491076
232473
663849
460614
799173
598838
427548
616741
275983
738849
712415
338826
386071
735586
706726
649414
530966
12089
406318
844562
77544
387917
95874
563790
700921
63016
103891
134552
125996
570453
849390
379061
249747
790235
299127
744316
774476
398361
24320
347121
529144
71999
492086
103086
323373
332433
31816
633149
529874
481448
605404
139826
263554
193186
279537
302479
695423
444578
619381
651046
282347
128733
702821
58748
318995
543540
794995
20947
469667
159895
777892
809392
88953
275128
79608
602747
207082
25903
681696
43776
263
612540
743806
143674
220805
266183
838013
545128
563079
777436
140101
285699
631343
838159
54622
134085
613181
55588
536137
439576
651579
87898
393094
264888
686707
90447
163110
501740
748539
543710
727451
151779
226824
662339
47058
598656
504345
366209
638882
593888
499535
219904
577424
80735
510188
50552
699549
691946
35671
392747
746122
733689
675922
15997
643333
379179
75300
46353
174459
172898
567490
799398
257018
266630
163688
240099
12825
522996
177147
307991
715448
714071
479911
75857
596792
495718
462228
238052
435316
588669
676334
131968
834061
488501
801193
236648
567083
609501
60036
470817
699610
268946
472520
131175
285347
510136
434201
202617
331413
209018
67032
433531
36959
4745
92799
513954
727763
606067
479266
187242
735566
199377
716681
386403
781159
145150
803618
546939
800442
318240
647427
568986
580905
796028
590949
524149
246748
695529
103487
498160
549190
512670
816954
807931
210356
465169
258181
601597
427967
499148
558486
642456
643644
701779
19003
487554
278064
851842
642724
627852
166230
629613
808512
842440
231282
500970
785135
720423
48649
114192
510081
345883
121782
628102
98770
210610
467896
808086
40601
21084
241789
101023
766358
261161
820110
36456
390024
703009
459218
559181
697058
325192
791620
319331
139563
749921
793772
708077
604365
334886
772064
706034
287027
43567
143314
209361
700682
833157
314281
255869
488340
417352
650808
749682
626629
671460
640105
754028
816202
457812
62200
50285
365855
371470
755171
209048
73379
114625
482453
187191
2015
480173
423473
204858
192779
268555
456952
514890
842673
781465
829443
759818
140127
329040
610341
827462
564361
697846
522707
726953
309934
202047
479173
676860
414224
570635
850517
83865
629360
754581
341174
69880
277881
625878
669223
341355
256217
398116
29143
24221
360640
110022
325852
616811
184106
39469
748561
268566
84042
482565
384185
195324
551091
55710
831710
727975
795841
32872
562356
253292
131208
241766
487061
27476
475332
161672
606922
488602
42118
811173
633449
813663
433439
488554
600450
278569
425967
296040
525816
262391
278536
288390
843430
402864
796841
529807
586386
140452
124919
627461
684679
797317
395144
627588
147876
726898
725954
148037
274663
745805
184942
76825
17374
852781
747231
226341
246369
529939
797293
844482
627225
523735
656539
182697
649109
62153
580765
388858
199766
39848
33007
377409
787263
361384
821543
804720
372734
775604
686960
459973
385313
83540
690167
251454
503101
687373
193834
393993
249254
234231
292874
108308
80523
539387
282557
284711
489278
117318
259368
171727
716294
532630
191139
307388
489123
250965
130707
277829
669482
519744
380838
4171
611795
491436
326419
435628
209372
667571
687739
446499
740622
783941
655149
197696
29847
577884
543090
837605
130605
838197
307657
380823
538522
690527
732150
594842
633385
630713
108594
573982
624460
67291
373708
80062
440004
7125
268214
480305
478646
223776
775374
180827
105693
684120
392258
495184
735815
710452
754515
264291
325549
481441
615817
687034
480250
492507
773015
351539
773554
806017
385707
190423
21565
436739
647263
430830
24318
800299
221451
494126
400009
575026
591474
779438
620949
491110
476677
45887
362075
328302
813383
673505
769286
142240
237951
438474
643732
692408
405550
510836
251834
835557
801670
380138
843193
515571
262263
553829
174114
192344
263673
77906
786707
152028
152974
109119
611756
830139
625544
4833
841868
520484
434286
574635
21743
75767
362997
269992
99049
349130
245108
257053
717189
197812
251045
425036
584311
123175
164498
263352
422381
118341
179537
789505
394531
819287
88348
625298
667280
832634
544431
203007
810067
225042
721700
301773
833870
544402
430470
298838
434487
6660
373218
315254
841623
54445
847490
436993
290083
401367
508278
467519
358576
45386
617587
695456
603331
73659
507866
647585
43350
688409
500809
490024
242717
252102
750203
225087
216825
645378
795968
676835
271749
620773
228880
135708
334816
96468
360029
461926
12324
494340
712746
254716
138690
437621
380524
450298
350735
839930
39856
343608
706753
281323
19778
443424
305006
327942
611707
173081
129252
28107
448629
418875
167280
747695
452782
556616
48981
663921
831013
577891
69227
613515
104604
317178
169777
662037
811851
202828
618791
837641
26119
786259
598106
741917
508111
841646
352142
303270
460412
666793
188164
725005
204015
326830
630190
359218
26388
465695
785291
428931
208758
686439
244120
194654
819414
299520
549156
203981
816858
772484
196248
322573
389870
39312
710760
116893
312857
736669
54807
474617
648711
444522
429749
172467
228345
436106
677070
277377
136377
812747
661927
331397
737994
150654
736026
846061
460293
584935
36764
740242
529341
618951
313469
776734
762587
187060
403955
589971
146738
235737
289056
186188
622193
297120
718371
52415
563826
476297
128483
363099
641074
211510
344586
778210
191598
619779
63083
223022
106579
588679
249739
329061
722938
96482
4398
643152
631737
292859
328202
786939
655295
48699
170968
694854
546427
428623
820625
91488
73131
249562
685894
454900
622608
88004
584830
104271
694454
512355
480805
144458
154010
37147
294873
680302
270999
398239
389309
469818
220159
692945
206137
184610
530683
33614
174019
620268
427117
839744
301622
385827
572858
848652
817900
281322
566657
481614
747244
357494
472658
410840
1993
168133
353894
640539
673265
35270
261579
375085
313470
736102
91684
386734
521284
714117
543024
643913
839657
55975
401695
318630
449001
822979
159823
119382
34307
649760
664025
478792
736656
226326
164400
288522
294684
531608
449935
13576
257728
219615
349520
450242
400937
786143
354468
626488
382242
826178
150978
698448
532750
789782
591032
34875
87481
362658
239904
496152
739073
234123
250631
701857
109370
238245
241851
368018
266695
91316
745237
179901
297856
630021
794136
730017
33228
20493
611268
715353
840028
484935
330322
716819
413310
186703
185822
599480
37193
127808
238212
339661
298243
528310
853428
587251
98795
31016
54757
315954
479440
728109
209581
362258
172127
37741
140194
832016
145506
329249
155054
46648
661995
779858
296491
414280
215030
502372
277720
851228
117101
504312
803254
130748
759370
651170
784082
360747
1257
606134
833767
323935
93691
350134
581992
104352
468930
852397
696524
375128
700233
86766
83172
690541
358134
792806
547389
322006
529147
244968
154108
677593
219062
266284
532729
655449
387662
702353
288897
463108
47194
90837
88421
250667
445232
650277
47660
265355
780007
722859
632928
731060
459924
603729
853190
56960
350365
495366
351213
187546
240918
383039
59596
14849
352530
447755
150286
842116
73178
281928
132169
148779
201433
534307
330004
633064
815997
650626
632139
488309
703516
729839
474449
315774
391975
491295
551268
133283
658788
337501
326602
626583
501275
838696
75920
328974
754128
402089
739657
653587
364133
650149
764603
41524
677917
692484
270345
48980
352024
753888
419351
115294
452084
158611
282818
19370
814579
532662
617630
400573
827851
205565
42531
291394
457860
113811
656992
109845
575297
848270
393966
669880
654857
792710
110935
81647
548292
795530
501760
81911
338207
114137
302838
126384
209793
378467
167514
637012
723935
164086
430212
553321
312025
413584
701435
734049
557375
676045
104866
527782
289118
659534
380062
79560
852170
848994
330843
672859
107164
768335
196264
414350
723439
821424
41099
762922
742937
98085
455233
388785
641532
443831
818630
65879
672738
474552
572931
6816
796580
710974
758643
753917
176216
307608
505957
540798
654723
661150
222042
750760
155089
348015
529143
401477
467553
844496
209629
194700
38318
632315
455285
596977
463878
63441
657274
327372
178706
270099
248484
242326
402218
397482
393352
725859
842821
14031
157233
481701
410600
845090
661022
523599
214624
557317
3520
570356
459964
760171
26680
321662
29426
513051
734599
282875
448865
499936
699791
602755
545846
449534
175540
828682
655366
470496
11919
578559
689865
260552
228733
569356
845254
392086
374484
277850
346739
197657
132082
107348
310883
592745
657727
709128
121019
831610
313547
788894
211219
349175
498577
611599
209147
254390
346585
423232
561497
555159
461045
653629
727490
209641
418136
624634
724551
33357
142855
820478
309011
641066
77300
841193
459922
768232
64002
602475
738052
846065
22363
726198
448298
669466
42389
619013
556814
240429
207376
140252
325660
681407
685407
197815
247231
482698
853351
268119
477410
710129
243477
691377
768020
216548
11189
22805
250608
621104
674776
98798
325295
565900
376328
269671
85818
127257
153649
231895
713546
343020
388332
457585
42612
88586
399219
842181
19168
498241
662068
267837
744354
582549
204992
566157
642679
696350
219067
376490
553709
343404
64395
70506
720857
167572
695191
718651
260188
660594
387011
198461
588754
727890
823057
564724
230874
763935
663407
723048
477541
97213
402556
273683
795971
741557
823570
483707
653144
43807
409034
446998
400006
201809
150675
245639
717202
845548
609459
586586
231858
829204
810094
641217
714838
666677
799453
661796
532377
226584
738684
125557
785927
472882
210617
716331
363349
469381
440549
241768
224974
662806
647896
630763
727603
535491
247532
13267
17168
725409
320760
146305
91958
763844
610607
812022
690703
843951
169502
841039
581388
2368
772436
338388
61953
826537
721160
100207
502361
271117
558055
183360
277940
286581
101881
589011
847324
770515
834694
12491
673230
517391
749123
95075
703486
526579
98102
797668
808258
377243
549769
290121
716799
21490
569768
387728
89840
799117
239166
267032
172845
172115
183519
475554
740094
696006
760562
748011
30897
94722
202144
544582
367424
96161
397036
809480
794204
221825
8746
37776
367848
54430
670901
263944
771471
792164
120476
193029
692051
108354
250616
604831
250922
560311
350112
553193
18115
139915
778251
813003
438084
186045
166279
632934
590398
742354
129074
299657
242206
429624
714358
476507
432827
304038
834494
820604
603564
590496
415388
258041
743519
320821
727821
337739
478330
244430
835881
160555
628361
413144
123006
371837
164036
813513
220126
645415
683487
847671
606614
301956
261296
308946
615034
561758
598496
478163
508597
732191
672660
825138
531053
346256
737201
186615
675945
285411
766098
840548
264896
309145
165360
841075
496127
598784
284578
103368
827357
269415
175508
386958
524516
38958
115158
200718
13268
670885
78887
212583
408032
804161
555090
234441
449941
309035
648398
491212
841683
559531
800408
226885
392265
499938
357955
446208
781194
147004
630631
786921
116173
104109
674474
447128
90038
2495
462192
239629
822666
571302
609270
457951
84647
216371
132533
456022
661971
617280
219923
1152
635059
595403
712001
345744
496435
355177
774791
81884
618681
484747
388488
120214
374735
823702
805553
665459
495461
606695
740366
655925
809433
244328
696173
47044
55423
617113
17765
522406
775692
180963
431468
57963
48486
128784
695299
106815
196645
635200
851282
652539
430066
295885
631316
483227
446900
279190
229868
325920
758788
39578
329494
31140
596169
526236
111015
578596
388041
356247
601266
632712
119231
79604
579141
593354
207783
784751
465474
420702
106062
581788
494113
436260
441630
23964
469854
335177
521469
660319
708361
837838
23007
52673
470325
707982
339496
848019
181572
754554
455288
123407
147511
316675
78865
721674
74937
265967
802236
365080
179743
465142
12177
253849
99859
358210
595273
554320
554817
333533
338375
447387
54060
158487
672649
202946
820901
387179
143339
709026
125051
851889
228014
537986
603951
556419
748395
58805
228562
287249
767049
737449
442189
428342
487133
799128
404806
488794
61794
20408
521110
446393
607425
141884
317880
144567
697610
399721
212841
791964
224380
472694
517692
12408
80989
107713
202319
692222
77002
314919
650471
166294
826351
565735
336788
463440
42527
676786
771612
475300
216849
526705
44733
470623
830222
3023
25895
227849
16391
702611
96616
534850
244061
218170
315736
282404
815449
25420
147919
22917
493556
468574
571623
324276
141434
13024
20069
165727
350828
203781
204080
38893
23715
719203
963
482113
6325
687284
25333
300052
575233
323350
48050
68351
2200
20038
793232
18447
511646
813372
2325
236863
673197
805333
562104
47748
8370
688794
14787
334088
812173
14206
323083
133375
98656
23323
25498
48186
4576
43169
437905
62639
8542
206812
176650
281310
12508
132435
55817
15010
392965
68912
129162
24890
203305
134793
544280
203780
11382
127465
384441
14690
249803
276053
344335
36738
20205
424211
589992
204053
392364
88870
707881
489786
445776
527413
73026
12815
5861
127522
142090
365173
18422
590123
817120
48619
23206
97950
852642
470040
19333
282903
2259
79814
601338
155492
476605
240981
587663
583599
33027
20060
643439
203986
20310
33065
597566
179085
130024
748159
21571
20079
288366
16026
7126
9081
518174
202064
6771
482148
544352
766279
63996
134138
19171
203306
47206
27889
204090
30094
825678
378648
65737
190565
8101
5049
479100
202978
19944
11415
64620
413483
813972
65823
636382
572545
314408
847931
2003
203878
819387
22194
474028
632672
439808
188846
321574
22413
25711
431815
825436
125702
325449
68231
548168
28874
203539
135112
13739
165700
509110
31869
77231
140925
51253
3782
458698
244296
156672
202937
468177
77379
392590
153617
48359
850217
565575
662227
698230
112625
359071
575390
14782
656423
130146
11134
4194
800363
39841
13580
47486
310370
641084
129174
20392
166583
513045
51228
9505
19243
3851
18778
469162
607968
479923
183079
506260
285692
351564
203702
131435
257952
13485
122047
91502
306722
648742
85574
573287
738238
2163
16782
224769
118357
18391
78042
18751
222294
203321
27444
13262
2910
19422
203077
500442
117767
134787
730624
603748
13336
363595
115422
204531
66548
74939
47410
429838
32668
11043
96418
678413
802063
137015
591190
83629
21594
1067
414649
474284
475792
722040
203399
509622
157790
17338
147678
526021
203073
468420
33401
17938
20730
12266
118485
1976
482842
11226
137208
8057
5997
62152
100056
66575
100585
12162
203409
55453
79821
855142
514185
361618
507339
651893
640677
280201
12466
128356
775206
630
28422
460413
600655
665523
442376
71395
309432
452291
554266
582227
203059
487861
597887
110999
3563
520023
823686
781930
420
231350
818219
457547
302699
378867
694990
37020
165724
435759
48056
126166
412598
6004
131387
272514
142074
536501
24308
257800
197656
40933
203518
633412
43121
802971
17276
21945
203926
203896
132243
750847
823773
716350
7164
389043
486015
88135
45067
472115
23179
199918
90212
53254
537205
4848
118695
26567
722093
735382
9201
58837
40665
5182
546361
239245
27089
204024
467563
22546
68939
55641
44291
28451
13429
326717
306921
324487
600721
330123
61506
19303
794881
833396
14984
59346
15926
28521
361678
548928
32787
140291
5558
831465
758587
762664
20896
128681
77501
204070
370750
15692
218564
220579
8900
14971
84720
359347
467964
35593
364399
606187
71845
491024
30456
457206
1905
5193
203544
449274
452499
106349
13754
227727
775834
267487
685968
718827
299493
292387
701555
36532
202944
180520
20502
572470
15285
325307
783939
698196
93636
46668
66763
386892
276562
65738
453660
7706
7192
528433
743556
5536
442250
19729
12256
24393
103616
15575
8329
72892
22966
21933
285208
24231
27728
319580
489105
608160
429064
660073
16581
15513
203522
74836
103965
13374
462382
4714
53452
35963
332838
20643
14309
24981
830826
337679
25438
275457
184502
322621
12132
18788
431700
159262
25155
20263
81210
320963
562080
220589
4199
20365
203538
14562
66729
10609
203642
1522
203588
141848
136757
825986
18206
393420
418381
559113
9691
24865
203773
31699
48201
681889
176916
25927
564845
49929
363923
621871
322110
21337
836582
41426
169339
7805
203956
38867
125217
126309
614514
4702
187513
518417
11366
10620
419917
40382
4298
153853
16379
92292
203697
596999
294250
4682
737180
537870
665693
83497
691810
510093
21038
477339
727263
368165
100767
16811
155654
203951
85634
82707
16280
106134
198071
401410
14139
470301
265881
463622
850108
17166
4638
219836
2026
15690
788941
836977
596433
104483
713260
131614
46955
202975
18704
552382
770455
92521
4623
723733
24168
40005
38855
624552
775898
816
31895
438785
273403
88829
19794
16295
24796
218751
19092
9061
201100
13730
585032
30075
833401
19394
5374
328034
132037
680350
723855
607260
483443
11159
8310
352732
62767
5428
738898
447901
95918
634722
661531
852036
4466
82523
590322
680933
4630
778472
35974
327203
38768
21482
276789
512339
476201
556258
203827
8638
4946
17281
56422
30330
24821
560209
782228
179722
326143
203739
203002
680388
827736
832658
4712
264936
743991
12542
703525
727119
18603
108461
20909
752009
5351
363919
572228
773095
771380
57365
294894
33865
13616
13362
48326
363136
211417
267834
268032
557055
40799
65717
757187
678531
625455
10278
267595
22390
32529
46173
487907
38157
9670
306360
813008
521793
11280
164980
567901
285565
85646
623482
27182
139578
5269
440235
26022
73684
22346
77456
261796
517974
453643
404818
20772
469914
8894
130077
473096
223850
440018
665859
94767
185914
20264
46489
22734
575763
17712
20958
427394
458967
237541
9840
203540
17882
303942
59541
66209
66451
121339
553970
358910
839146
445687
52527
2616
33960
407556
599865
841654
771153
483689
632288
21037
203823
37545
480860
11914
214524
9620
18029
204103
87285
9698
79194
783678
23719
167430
467390
204171
43857
573973
202999
208076
710857
481482
642263
476805
293428
50778
619571
107763
47250
476341
502789
708708
792256
27775
220849
9005
11008
66612
24765
7783
61462
59
7355
187283
758373
357575
53716
160083
10973
190655
204152
15448
917
10613
481380
151087
297344
26838
607160
1300
133064
30477
11254
429283
754770
203448
7235
144996
4719
57866
175956
816297
71460
203233
839836
466568
308442
170181
7218
38564
11128
4381
413139
105872
44703
30619
65659
22221
186218
396443
204136
736855
376518
20250
23572
624594
319843
59115
52773
129266
608507
19967
626310
10247
38883
276949
123724
203924
45147
105881
619792
785078
203666
105754
36755
36377
773351
338538
18468
517630
511344
32943
42040
53311
626463
93197
183117
315691
128841
294864
424069
362342
74589
476415
18125
833843
172333
23471
16925
7986
745756
500795
36915
470174
190144
23463
204127
189318
782263
713676
377107
312070
199618
669400
203830
17684
91998
32261
289677
190484
362660
711154
66346
18082
19696
662977
14687
51872
587806
564136
426418
254348
118323
704745
627855
666260
36679
9014
22159
13732
298363
203660
74855
8904
82968
203139
842889
264130
8664
451256
725066
130228
653754
367396
65896
21004
112754
326184
277759
120689
19487
8165
18791
15853
12813
5498
203238
613080
267590
274117
29516
38846
203114
54908
58169
7520
590978
212127
320
277266
540566
8799
722985
640008
19966
482028
57115
632004
93144
66571
37609
67863
593639
22690
846646
358018
11820
9114
435194
653194
40987
137033
63993
632613
34692
16500
204051
454153
374158
62
477422
126375
20758
527953
21588
149034
106066
5899
82326
7207
658765
25307
392506
295477
25154
713420
593117
174981
7317
13385
336540
576385
1458
528869
61450
519850
797459
597111
321328
833616
24871
452539
564556
323067
652382
405974
196220
598005
58021
66043
692771
472055
31724
655152
278136
188315
79357
486009
327417
617381
583002
25163
479907
470322
11680
840510
203547
25724
34139
742647
9161
756358
25782
514359
57828
6236
62992
588945
445425
22143
55643
21519
532578
669079
204097
690869
275799
691397
18706
780382
600103
114065
15979
292571
149505
56321
203964
469547
808334
607250
23332
376697
37883
394796
21136
7886
370932
7880
600141
723
31882
722430
474989
634595
21145
434552
129948
20229
36289
25526
23510
130900
2791
9129
446241
132883
7741
11273
150698
581163
399519
196798
16646
23948
500224
135625
522571
501103
508450
357684
60560
483403
17202
3550
281867
11153
2880
5645
353058
71111
123936
759257
41849
518511
193922
184410
21166
222082
1669
381640
2699
24759
820704
775473
23618
320390
118293
3634
20586
6637
263445
484149
203010
28809
203261
344681
668232
203583
86087
60814
625416
9027
65616
698
203160
527934
206480
92526
464474
606724
280786
61542
653352
14578
319815
464418
25667
336900
17797
48135
2153
5375
807500
180678
199400
603973
149865
6032
171705
60163
497592
15380
113130
150462
19513
480172
614033
7090
293968
295680
203487
11126
596991
427454
25127
280789
29649
48049
93748
238021
57245
843872
461698
517779
219309
38082
16481
808158
19509
26407
176824
628574
17161
11073
155667
263689
653471
618904
21470
46953
546618
661356
570893
197972
625198
455478
116380
210011
716968
25553
267400
28466
97148
132128
160779
93800
27769
634125
737166
67187
17104
11115
90292
270729
452504
5909
32226
45010
688074
48603
80578
588642
449517
627805
291951
201134
203620
1693
24572
593392
286072
203891
218719
141720
482267
123173
669784
8675
25775
308784
769009
122684
20856
336993
104996
383898
588437
135098
849301
119905
54875
10089
444867
296241
56634
33700
192958
16066
40521
101030
251150
808186
805371
548414
4277
383296
47308
15782
318192
5398
520303
45725
536987
167015
794167
107727
472626
794845
773176
99485
744836
580518
136512
312805
720798
30054
779631
555809
147724
537414
272108
552718
522919
748979
456946
595338
703364
362056
792050
681177
738348
77214
549768
257640
721517
32887
692108
437163
751653
75438
150010
26101
235679
598346
57346
178615
140769
615039
566120
338256
382766
145620
6220
2720
479808
446007
726032
204201
599970
653261
396131
173154
510578
311525
613986
22741
10149
399254
212501
706440
51738
324059
127328
74513
569473
848421
605875
773408
718738
17468
715830
179626
627486
736884
682819
341227
478436
595096
746420
443684
62253
742328
161297
244150
99031
83019
358748
52972
641132
333084
338847
177708
719795
566086
580491
329386
846764
503748
441164
83711
840292
307685
284306
255039
154560
354112
44373
699253
350302
84168
843604
619389
515129
801116
176744
421035
763115
728155
139658
476582
519277
217724
446863
527791
591553
368303
594737
44966
389990
766679
419304
280050
619583
476016
706379
763629
149580
470346
226370
245981
726267
610796
351534
182297
65164
329408
300436
309750
224217
691932
588519
521594
637717
434613
348618
796697
192208
519216
779955
30482
12870
385000
714158
282153
33441
473565
170696
783743
376942
506178
228083
636771
390683
198727
618600
819431
797310
139256
610747
489878
205153
533864
21433
680142
643804
708569
604372
49962
221476
737114
386655
754211
144493
37971
156941
147299
611914
132820
577506
535156
281549
821135
490833
527879
604841
625830
806080
602286
496048
844097
360483
563598
10243
127295
840180
819813
119360
855091
349603
92558
812881
324242
645022
162958
812010
455119
296234
807274
160944
448628
317671
46403
67629
767009
30142
558853
281795
773361
78206
239529
164207
192686
393573
189703
458257
380676
714973
527960
338287
433118
257601
519567
304730
822499
618595
211209
627757
701668
425124
386272
264041
19265
131423
311078
517531
643744
707475
35587
155094
252873
345621
270011
503422
371450
111824
437216
119794
806397
602218
218069
149594
159851
422724
240536
487706
474695
204652
218267
129607
650933
375679
487381
723955
557011
155436
73946
638094
745305
717547
656287
9247
766897
674271
296628
528228
161817
392659
288615
830922
725243
62335
243934
629399
432068
742466
142107
352331
424286
292329
118406
484264
278330
776869
190879
220880
383674
816808
799437
221314
497406
162791
70161
83044
295559
565041
198205
639898
623202
330236
374257
253873
646158
589428
296311
543890
421403
823131
806069
352926
352115
357564
368545
448935
699651
643241
495910
583384
118279
783685
9795
454348
67327
10785
630813
421106
849649
820421
71493
329410
792641
162288
2544
536096
706889
420248
300010
63443
254213
794503
172164
384597
155913
851243
664618
401423
390663
324210
72436
153330
251734
798772
401559
23077
283765
633787
580819
678764
150912
705615
160946
228431
788689
588890
2612
10306
655858
802656
300233
531303
643344
746265
37770
673656
35790
438536
71832
119942
187939
18080
755062
243058
715159
673309
38088
633554
314948
608795
482457
433479
154546
71781
813422
320131
206935
57261
384125
252275
425122
82091
223724
218915
462926
122449
452494
124453
634648
764236
469476
261719
829277
707168
314525
322593
84620
439454
327173
659902
150908
417319
120808
119356
174094
434978
782899
10204
319283
841374
471321
643592
305615
432174
637055
86334
658062
833525
569997
528463
761694
166796
285866
794201
725064
430664
120077
832029
621521
776729
195416
345428
753013
627521
174600
675126
522441
602751
475241
481879
60849
705648
532749
489897
495870
398504
125504
292888
677746
635624
752723
59769
194403
36064
349988
615028
109067
294831
13387
843846
587796
742320
149487
68998
448670
482926
457212
164414
284518
132795
588443
131859
183529
488462
256386
737640
512135
707194
434903
769172
672699
525084
534255
631890
544168
92575
236039
447828
155591
682173
107155
177431
142344
263766
711721
313585
246016
162345
77550
712221
392210
68387
377580
260612
674034
51631
115315
99022
112522
793796
72434
720590
402180
759867
490968
189540
427427
321717
153716
416740
529505
561019
206742
111483
133449
514561
788641
27171
739238
53327
248295
649634
389814
274412
626428
517182
540562
740469
147517
581232
98157
19141
371416
160686
678364
664398
443568
373645
649228
299564
435934
253521
419741
115336
315540
622653
21851
355230
657934
206823
197703
26671
812629
92136
455305
220172
392727
473577
495855
551670
74583
32130
90066
249744
332207
754616
551635
24235
443870
51953
481461
413854
817184
447624
641367
683330
109884
174259
234944
280847
168929
849928
240242
579861
448361
90840
433556
91977
36588
29926
227235
239919
529905
605679
753304
304637
233714
81944
570155
207094
696677
281982
691490
477970
547132
433717
184209
596140
727024
211799
184031
401319
658230
703721
706060
366577
138362
632537
676202
575271
757879
119431
640518
81824
322051
630935
28313
574415
380393
470908
852024
77018
745285
586729
806244
52651
269604
688155
324028
678407
714981
306868
729661
380560
815285
172701
303173
82776
26640
787799
458924
652844
42028
547167
95804
17825
285406
47500
319339
109664
220838
174514
357432
333992
93521
625481
599659
815337
389339
215408
711637
563997
529022
689367
663287
24701
462584
154011
492655
242094
490122
274957
250722
353681
769447
597697
21330
212845
764785
766763
737815
715964
295463
458966
427659
111923
713071
589148
289665
708004
8092
307564
158934
356645
663046
791443
792390
136921
418925
684712
301955
234167
303131
498826
272891
104955
588358
499048
65833
79224
456253
391584
133559
169392
788959
750892
289870
741777
18868
157154
631249
514276
164413
188100
783975
689958
563835
697724
149856
514468
419527
350797
667584
641975
414722
838600
391740
382415
655162
714164
559316
533203
848563
222503
13015
315402
287846
442381
644758
570241
316793
280558
640210
143617
773403
34170
492438
30203
470635
12835
596030
134534
165399
38644
166564
586502
95872
820443
555287
667851
679751
115517
15947
148806
742258
2255
651728
214716
510226
758560
198334
822958
546289
636030
459809
138277
207728
519167
441214
328698
310293
197889
320105
433753
214126
366134
334962
737022
344784
488191
415311
641806
28322
355450
169214
48203
137721
192599
829913
391399
669681
495201
692963
268108
853245
596336
688158
311591
315810
672987
68414
290209
803557
56966
25301
644465
615608
586949
450954
137599
315436
84113
507692
429015
89983
502555
752533
267959
277542
52887
734389
285315
425511
560653
229935
353167
490097
105411
598644
629405
841011
834394
529647
402676
297641
425563
660977
25572
801297
537696
771301
732586
641665
151922
342532
167450
517643
445158
555494
387354
144228
165535
29038
421283
757115
217092
798882
843952
451740
810367
784079
403098
510163
711312
555585
645945
154454
182532
335143
106574
722145
311801
547361
445079
821341
157554
466425
414974
314112
122872
431151
70585
307433
401553
136953
114708
786337
614945
806891
52082
827733
417784
375362
769900
20037
518847
454895
76598
529160
352349
599060
498995
354137
718579
19354
558319
486492
682059
645720
836122
405266
232207
589864
709611
455424
471553
631560
66145
57682
360499
314223
687223
355089
317130
847982
302362
608363
769257
278069
217384
189966
114212
566393
216661
304277
537639
402087
77274
580637
724078
271275
359712
768648
690486
610789
744817
633214
464600
359153
823905
654420
321913
419029
558253
397648
433452
432992
22873
94503
101726
523884
788536
566675
294865
707049
630785
226484
808477
344166
40722
336848
178560
529768
611536
186978
288173
38026
828850
628566
501088
787336
74508
441348
721561
642536
36847
326027
383465
151311
841255
401181
837271
393016
431833
177988
366686
246465
440001
845072
293720
712819
47430
276665
141181
233367
242533
752297
632794
98812
450337
515333
343735
343586
795095
459756
410325
255463
581076
32449
594555
814518
157172
278398
820612
487585
20142
668003
323833
171165
686733
632857
654739
323587
683499
424389
534485
592001
150710
414465
180150
796039
743741
655009
248965
408877
546607
79791
487182
147968
817643
569810
247705
63423
438193
655065
742038
378738
87359
815452
794957
673989
556181
359839
729536
665488
143518
621686
536780
544852
352088
488418
624794
345867
21548
465504
434330
174673
664393
201775
111968
160848
140632
355974
395509
728160
34531
305382
450555
672681
157789
617851
353908
78641
91456
588797
825940
694824
310610
25168
270584
63888
536067
548352
450510
831599
13046
119340
808291
367869
694275
78707
643959
8119
671043
60752
551194
30714
667807
267148
584332
127126
542237
839620
153983
661366
641980
671496
634521
821038
323788
69177
12602
92185
414047
453059
613499
268042
158572
353377
581819
474424
486572
739659
183096
302269
259872
507102
704919
299175
55646
808842
810356
505325
118379
747213
526360
713492
188955
315831
277326
407958
120796
549376
177613
194594
236011
431426
501783
623404
241426
119759
442458
742194
521787
221029
181850
254906
182165
86551
317313
754073
373238
53389
132368
189034
525534
231988
739673
242000
253355
714112
784216
454116
586511
481808
14256
777745
703920
103828
835630
245993
209546
220612
298667
331653
187346
86227
807397
452836
627775
427560
338191
652931
667
445410
669307
597048
599748
451959
141572
119696
259786
335064
683659
831815
109971
94473
641467
628535
279931
542246
469702
488177
770380
290072
488892
515044
471030
740324
421460
468253
512977
168846
3272
229117
110474
68594
171832
356419
503060
297342
581577
580646
748554
823722
460053
599505
740259
564121
267596
444009
430337
180374
46286
648346
516481
28957
462665
814498
743823
125474
321563
69873
511342
82940
607621
790263
411633
810760
426827
257964
299514
469329
813935
376753
432241
276156
288453
359864
412697
763869
213519
125525
714987
725226
736809
10521
169507
153389
300844
529706
740109
161235
344386
57431
122197
813256
151630
351794
380771
28534
511718
522897
393115
750361
613513
263362
62798
780409
585529
628444
452223
784296
570444
680721
648474
527240
68603
303182
309874
423849
620991
711039
781629
641050
204332
117524
556890
457996
136990
287056
716324
240623
645233
186499
165912
499388
803215
426221
526665
588362
751236
634749
734613
588607
478880
71546
516398
695687
363821
544411
531430
644786
708419
449676
226107
845294
494467
243931
731861
603621
386233
836452
822035
843855
384783
688843
587230
103504
225821
64086
323896
775515
487551
59240
682951
854223
29816
826449
809855
345586
284289
415799
132115
437751
568647
467697
147177
1467
662908
578425
192154
606647
445262
558838
698879
481490
733773
77223
318030
663844
390680
85932
330772
219465
846812
136965
506641
587590
360585
290164
214717
447030
391696
232024
651599
521214
542143
292881
113972
286918
848900
626827
659867
287005
616924
192377
81433
684954
761565
606595
795897
530855
272063
665154
190787
56226
228935
278237
784008
181561
221223
28385
680887
47462
86381
9934
498018
593472
802784
51317
438575
544983
174107
679255
627992
91371
733766
470336
8483
435337
208664
284049
653413
467714
642691
280339
574568
591994
722456
760963
282078
792448
574294
767618
788101
5025
608097
738115
687226
813962
634622
109304
349242
241943
249863
593825
23793
610089
724530
286392
271967
402404
458872
443381
659216
631334
210475
663964
57469
527903
18430
501005
644537
358003
268424
748991
587056
789050
488263
331085
169536
46977
210878
481554
29326
242794
332252
65677
612733
634482
761476
44077
179921
202621
344923
180441
599065
206824
492607
832865
352156
117636
740409
191131
841388
10632
579450
101196
575576
624788
163632
380257
352952
272575
640055
186298
794812
270773
185007
349329
136306
173720
98478
757688
21155
557945
103447
333259
707401
41372
333219
557177
746620
230751
615357
318422
591254
210200
818109
281684
147677
9044
659539
148646
192297
550700
263721
285304
519454
460328
605198
792489
167513
193208
731226
359683
211936
475812
504600
395948
756423
843822
382896
482908
796296
441210
550787
40913
515396
450315
75118
361874
630731
552005
487964
393331
352708
226166
242112
349816
404457
355792
78666
106696
552484
670490
562286
661573
846425
296900
236303
757954
328728
606532
681309
656177
677355
127335
107091
91010
170456
42610
174045
314790
813934
146554
709135
444062
839904
155279
411604
818536
189892
281804
696642
819864
623837
646830
534198
626375
519225
193816
24343
795024
483150
194309
164489
765242
441416
565568
258
589809
420268
139547
518626
566012
570776
166034
472963
743015
604441
63295
364379
424498
35938
693088
555218
640483
81276
834070
378480
39867
135593
221862
63884
539009
563120
126223
628139
6131
147913
643117
122331
673743
355129
352298
573719
536735
588056
248896
133574
673765
564830
494820
88787
116564
795057
185760
568447
628167
683350
186319
456677
684538
268169
322414
394753
215206
198644
739870
707377
11514
360607
436331
667267
576041
38409
275702
714237
157752
267010
852715
246411
821652
666278
234676
258862
256151
762891
705351
823854
396489
851623
125168
8549
120644
764547
563516
117875
245410
65739
641528
686021
545408
379203
294569
204723
562787
707565
165793
357635
845089
582947
356223
74090
768089
351593
64050
612780
453835
785408
174535
653068
342629
804588
153068
332338
610457
738278
141477
391858
143336
580596
680356
391236
700044
331245
289880
841345
780784
449483
379982
252478
333601
11499
836880
29799
209982
371237
86809
544461
490149
502448
618654
560873
198766
309328
782299
491273
374368
237809
402430
31150
405023
112496
276176
30590
297598
169461
10886
311002
69159
18441
108503
224411
690878
120936
734653
8686
475636
560459
171505
648148
336205
373958
664189
652504
835177
250520
9255
124673
416735
533001
102703
771438
306420
621840
739718
392053
342473
563720
390698
822684
196249
241357
86270
141839
660219
674465
321429
209719
555511
638123
276662
59955
134733
647549
688310
749768
831286
278054
21650
548054
510317
409132
391456
61982
551601
166672
485919
50899
640404
438631
3289
548166
621781
563876
810382
689575
361850
126694
794706
709479
618828
6787
539691
304191
496195
281964
419559
805702
745017
476594
180059
121346
298895
246875
316260
408842
378187
315714
723029
93059
811863
736316
307848
14979
591767
543376
402145
670806
523531
743999
801534
527639
638377
810507
30081
520042
611694
793150
776598
272544
446994
464601
650735
845137
640048
45332
349498
777849
363843
519493
54123

365171
536796
41352
644074
387238
464378
544848
444641
836818
569182
566618
339899
210523
464322
554313
78366
788919
148826
394863
306951
187021
280059
794421
127691
66293
809069
600602
510383
707877
476125
433686
192361
641948
670217
43164
175169
445179
539361
529051
601267
415351
187658
773146
327307
75792
95685
725761
172681
183889
118079
487365
846724
208252
386738
10686
430689
484154
366333
632912
457323
153709
521788
827780
364192
421588
566257
165095
830059
524584
468354
176880
235709
23208
403614
50875
58083
69517
609887
750722
305783
174449
333641
471935
242341
672224
797248
852998
373070
187531
404764
551767
830531
782755
155882
55633
809837
666174
345354
782070
381526
538336
379695
319252
127852
841054
585090
714844
188275
500435
600878
159007
322950
696389
241155
265541
853110
123092
696069
301808
348016
221138
371592
833759
227194
692472
289832
29877
794261
395917
140907
785006
136455
602699
760875
798075
777497
116840
815547
319640
380195
600622
90552
471625
239718
95421
395224
446147
99576
758625
749807
484594
692671
319424
252747
713673
607585
557641
209226
207125
488771
367496
231942
349093
353376
682143
355416
231714
256921
715540
402050
328874
180805
744281
391142
791400
33535
97162
287323
715025
29461
166311
105146
469908
712922
161312
66798
406899
829948
208278
546505
823338
53622
621590
178872
663770
272852
420663
76201
319770
51088
120165
98488
375984
10912
579573
382072
609902
80916
227389
143633
200620
302971
285883
749400
360273
376310
778180
645009
374567
291964
406823
694295
719740
305375
790523
107243
189350
394665
283863
142743
21387
394898
307947
652947
628704
2449
265739
136588
139014
586682
346186
791436
121498
361389
467575
667958
732389
814351
366020
400433
703689
274010
590276
210955
587076
672899
662257
564142
548038
720185
361415
100880
718367
58529
483504
497304
199283
79809
650928
750876
430491
786359
635640
366591
215104
794313
530004
802795
2884
779568
157874
693289
707658
407394
36028
793844
112804
634255
371587
56904
577632
790585
292291
529145
118176
372015
562201
561615
518954
156284
269131
608003
512155
520831
663636
257431
323441
79011
164932
775363
663328
326082
264816
231903
453468
354063
27609
707811
556013
219217
545671
57102
800357
215006
420723
129514
104737
187724
854157
96980
438200
343383
157619
544078
202145
792112
764254
15325
367984
694013
18417

191324
172646
594996
261707
665363
407326
254823
268221
768088
633106
401918
60961
822274
624196
653842
146638
29382
20277
741969
445786
286012
677001
186235
543292
270666
774827
574245
265681
108115
377541
441217
728633
189915
687400
81221
341228
492023
627735
146511
562394
158238
623561
502864
401782
691255
145806
58934
479714
319831
742510
160508
353661
615909
321223
40131
721172
758933
498320
699108
452344
213194
306790
354994
452473
253314
125222
192441
218195
503285
804861
329191
103066
541715
37195
343832
254394
628497
528971
399793
845832
720898
163372
787124
157270
796130
384751
767637
804200
624885
788491
315009
458843
134074
467229
468135
85078
271657
662034
190234
415284
540818
21552
612456
263295
644252
698673
396437
730859
97610
419401
168483
212713
852440
353233
453547
300496
617394
584802
622329
385524
266601
812794
501222
673698
773229
418722
532763
33645
153904
412797
393201
260627
430750
245170
552465
781669
523560
169756
819704
306456
844443
385456
765001
189028
212953
341669
243411
114421
175885
749249
707366
109889
53288
274949
524925
199291
376748
641862
293140
175552
589611
432003
13528
62270
150133
780567
35140
114002
684778
415155
827033
567988
543234
542800
251671
285502
597413
477175
696733
456300
630611
616732
187405
340097
667980
45458
77001
349140
754450
37500
855238
443938
652488
760632
163990
122405
339286
267247
88125
353892
96484
810129
756445
376735
276127
833193
244971
443584
163009
483678
255433
695594
237988
216909
365918
645177
337198
641317
234958
701056
456213
278528
350627
46479
415750
605125
277144
833420
823373
608087
780698
107504
193067
467109
639646
617129
391201
845062
435733
593728
736091
165081
724901
729308
54199
122541
522576
266780
44739
368536
91458
89107
90017
514355
418130
180981
662978
546739
216598
294589
386509
651593
503974
89652
741336
511252
116466
699328
240857
642019
47476
188416
142502
794676
104275
759955
492247
810385
301314
614321
336325
282526
592722
175614
344680
784059
87844
586285
468096
457256
427021
523025
275789
365014
610926
802718
301202
243763
474401
235355
376636
90875
242308
754988
817987
16834
167549
739505
481764
778930
733234
588763
439409
254384
236415
394481
461522
768740
540741
484847
806759
492748
44398
722352
708679
488605
378799
297730
314047
663369
118071
627380
678365
701272
32029
234542
253656
589550
389655
252116
422809
742221
303504
749119
812979
335899
486644
546137
337439
713084
496840
339807
833009
584978
295807
473625
491053
304380
248339
699529
680504
151086
60574
649934
397998
583231
255310
50083
430522
665050
432748
103773
837524
139368
431935
472087
398632
263664
423212
361444
437329
42822
32929
65597
627411
61326
668924
728387
518240
429576
105055
676511
720418
8666
820279
713354
659503
319289
484479
210696
854734
444342
757421
759076
387360
173063
781815
41368
85339
543364
275725
674075
551932
656508
37662
125242
554477
537194
317151
507052
45488
784191
626933
705125
87911
182464
197680
312281
740688
650153
479066
840487
804949
481324
713984
631629
259074
623231
57990
148581
78383
116606
478295
111735
519758
777504
845951
442336
154493
522411
793388
776398
47529
60510
359881
339136
343181
377502
113007
568285
715923
133308
753778
743431
506406
470847
536511
744638
209512
491792
502204
66936
161731
592659
229459
349941
504738
824902
796127
226111
400943
96118
731008
743871
451077
536084
742007
635525
769788
317989
575594
430867
761572
120440
674098
415901
161038
62707
250054
344074
31642
627782
847889
273766
166522
400656
1141
652775
341877
134318
665506
815642
245545
217550
78402
185549
848816
376450
743332
50161
182047
759395
354022
150607
401753
492271
780600
185685
755459
592575
634273
51208
601566
788167
823055
669178
258311
463421
234753
555524
614070
55696
460394
340848
791394
96655
402107
588657
388095
369475
306850
779711
111094
318748
502187
524112
325598
181831
828264
326437
849693
753494
251151
381428
64854
19079
396791
541755
15336
534578
128161
322506
604003
568870
541128
374324
823782
546029
478134
826026
105278
139950
331153
475515
727698
590622
730301
627051
81568
330782
147269
725568
812852
146389
230452
494744
699694
585477
406827
529447
354303
823460
758600
318573
107870
344513
386540
193605
6707
411806
691220
3507
563078
330002
235846
71315
393775
833284
786673
436941
9241
252065
579317
505918
677629
686093
675864
136675
77038
216966
193268
294441
309170
166804
615384
593924
216986
780486
341939
39685
472260
319854
485509
821846
365648
375792
839098
230587
345831
467356
18979
237987
757845
163890
189474
26588
265233
211485
181740
694977
809807
673643
240668
232731
317792
20461
855103
44927
63503
85177
497668
763221
36352
765740
1148
123485
57863
66819
119224
481812
406399
280915
202898
430620
376557
567751
822809
435365
503067
652070
660516
449574
840265
363586
830433
790620
19602
422366
217404
491711
477208
746119
517050
483963
803447
219060
355774
217430
222146
98108
740505
701969
685520
346737
831478
371692
831048
391268
644033
147424
550133
99763
503802
526299
432642
618682
61009
274710
547265
104868
825056
38589
33465
779147
386141
641118
341112
394416
590118
787064
761913
256693
246174
191654
767382
391374
292568
622434
624531
360429
414082
558343
424947
498617
474402
610981
81865
61728
776769
470321
102892
616400
124684
419660
746242
155348
255368
212867
588285
503353
305165
531652
708744
778525
795972
282528
115809
664867
696725
437388
185682
70285
6066
698296
553360
731913
380023
719223
315983
637478
302363
42703
557369
199233
812702
813692
354278
584690
389876
560424
686672
648959
825968
164246
19679
580419
730565
8167
320502
342249
356116
270471
327031
568027
41421
786717
751250
826005
208875
809011
285996
748778
338210
779810
93104
469483
728005
360787
415840
473182
233622
646619
504607
569185
378732
371928
335634
478392
437724
451915
304664
589632
582180
605545
207733
951
766115
562995
489078
53697
367447
343072
361788
147716
570982
526366
255740
456367
58287
180484
204676
16515
217961
153230
308705
9249
661349
855012
442433
126172
213427
423486
382604
608448
414114
412948
768845
23992
141338
195057
197726
91065
345979
511682
660138
799254
831744
289198
680228
56102
436487
841496
56705
281614
609504
809706
59032
651186
274892
665414
835956
485652
277675
243077
126373
639247
108104
19820
188931
533779
61101
648383
622863
634506
383500
303309
217288
528041
331788
826354
814463
413492
693193
841566
467539
251231
404850
702184
186881
540855
286397
188777
792478
347251
813712
602952
753501
257959
231393
479985
664904
803307
802880
25125
762350
803692
421418
783783
707253
289404
620113
281655
777459
253921
321600
624167
561229
114517
192573
579147
58209
394477
119551
466999
83241
486056
110597
162040
830649
587968
293262
659264
65531
225512
266009
742109
662787
769249
242273
543725
280229
217887
339432
523753
685149
261959
707480
487640
327355
494283
746303
775230
236080
133522
445354
767936
837709
648668
256945
508550
781265
227841
821144
665016
147603
552423
766427
233103
454100
604408
276769
419825
235540
125872
116254
164613
703916
256688
549644
179282
601385
855227
621638
399632
576608
74661
73288
115549
50794
490091
736267
561309
70210
523942
551225
67767
415723
666709
556959
179697
718379
439148
122116
648078
128721
345261
437279
224419
672239
668113
558828
539411
747401
747867
518402
42181
595950
190105
535690
393932
711572
70781
796076
151530
229589
428631
562488
747121
384487
310549
527065
326110
852455
542490
809973
279719
170717
177833
730635
175592
46731
213640
487727
323892
684302
607321
110413
480186
717866
846801
248666
201368
746597
174039
100333
270325
558209
431141
539487
493967
726460
450864
269869
648508
553741
16254
565296
269721
646068
511027
181047
51569
331939
746316
649783
280332
817729
408791
784139
794147
311914
13638
262091
434096
152423
417562
174935
455893
694807
44318
524261
135186
603994
354327
758762
522616
732615
609491
633651
502732
489844
186339
724050
680997
577844
320355
269956
311504
768292
658541
472104
543981
794326
590265
414376
773472
390669
643662
311287
347199
167389
174844
511206
695606
200465
210175
374232
410189
799978
669541
305401
126440
392153
813380
456980
817171
670128
378497
200260
193784
147939
724157
107148
519877
279005
322421
560747
844082
228309
276673
829064
439267
418338
441396
768504
9287
217865
466580
498290
306041
391395
791756
483951
169321
815557
494263
128890
461008
850334
20426
597131
457150
503661
808378
459453
655392
68226
419363
830798
329201
448862
833477
739417
561637
595665
491118
105653
45703
742564
295073
338833
192233
738171
665503
770482
780516
537425
266887
689974
843271
254321
588370
229815
54041
336407
561398
640163
300254
163751
31605
257881
478345
465510
640279
216166
113253
740474
699959
690308
473557
408711
104935
778438
389734
278260
254026
42017
645816
185184
509452
668618
484209
695291
158315
594835
223339
447582
136903
159191
409270
528620
519504
47338
37571
633637
598985
22855
642663
751912
800026
797419
614377
360104
38125
617795
247365
667789
465464
46252
79548
61842
197370
681873
561721
49829
87077
186365
408761
786919
130787
46452
571798
621945
19117
609962
401073
846661
329798
343657
9677
776493
685917
654278
721474
693905
210108
790544
113570
587399
842559
477682
461504
836795
637522
138502
832542
173258
130973
571461
16438
784519
306520
353714
785884
467283
397744
776214
655891
59073
812520
395122
485928
756109
702547
474869
261471
114814
61890
539871
175405
282129
75839
77197
491292
584474
794046
82730
78008
749219
451211
356687
199217
315240
760153
490181
712455
792233
561240
477849
109214
834942
551359
228003
448962
152326
65190
487332
486995
77147
710324
450494
734717
658018
425209
74398
17363
601720
418701
242978
554543
632992
187914
252756
776478
596339
683273
797375
822443
270187
377464
500456
712308
619272
105316
700145
713965
528842
404526
733952
502404
729087
227189
527682
402323
22135
846304
555115
508960
56811
266184
2653
93922
261970
146169
111691
193416
490053
249579
229135
665141
24964
18547
236804
360558
557964
740645
562914
661801
111901
254699
726403
243775
21688
233786
728361
51566
335207
328848
560871
62399
293150
46472
503479
630450
9251
123181
168076
21774
849317
29732
40535
82377
53328
8886
373730
605376
694717
357808
377738
22603
24028
8458
333510
18746
481167
147405
30504
128384
407334
24787
358128
833699
722056
203950
128618
220846
264010
11575
665665
40272
358357
43958
459854
21380
606179
187668
24582
11614
15586
457787
87433
479315
498911
538372
9397
599212
567845
258037
4478
23606
46853
137919
1128
378207
651230
610994
162320
414428
203586
298565
21832
722398
274029
342957
3767
18184
66412
113526
10924
236213
204124
27959
357220
203469
14140
44849
447179
22318
14893
326136
297711
197966
20967
270691
317161
56087
336667
123706
33540
187413
22731
12885
37200
486352
751081
18636
116845
316025
61181
743578
26212
65701
1167
53350
844099
38226
517100
15506
130116
501709
516722
761644
267675
795352
618882
129901
15524
782093
224389
20855
203536
683070
203837
43063
86564
75308
18238
286815
584628
54808
17585
286135
20957
154023
469655
338233
420694
310169
41322
184074
3983
334138
80473
20178
745362
270194
69357
85357
500793
605753
179733
18994
562788
477406
260350
17088
137384
127892
655816
488274
104097
25643
25552
45901
755782
706154
5190
26200
27198
8259
203217
46807
153460
403021
802465
3568
50511
288018
2513
158682
27604
99376
203590
26559
357115
420575
46918
45916
15
72312
22138
522488
8927
672
10652
1232
421492
12574
58691
336496
21328
452680
100975
11213
49190
43965
629312
121902
20719
775699
181258
688795
537314
16814
23758
321745
52185
203541
101687
68940
11143
13144
665667
610801
2258
541820
755123
138443
850633
19616
203312
537118
268145
203863
282133
13874
27776
12567
621864
362555
481660
261849
416080
27364
36904
22150
34234
727682
203145
8331
774903
254208
67552
17741
291943
132076
5076
418563
368060
66538
15289
49323
440743
24225
100177
385391
385907
122462
405950
19404
136542
3683
442462
27704
65900
647725
29331
719285
136979
759080
437931
203612
26184
747537
523129
16257
466983
204027
707364
26534
3129
87862
23195
327211
431089
468449
299063
15969
10867
392755
11118
3696
2389
474918
354326
19582
360545
404208
49657
625958
565356
203158
4696
26688
748
207096
2341
47763
9814
385370
24660
656001
14781
149751
290698
382595
593395
532945
26962
492059
800329
7389
60960
470213
75992
22650
135664
17997
560002
12723
66069
66453
22449
15123
7596
529480
25749
24488
3837
359471
479736
145176
8127
934
601082
473815
215495
697264
334586
65729
14412
64338
1233
22331
693037
25130
24226
130278
503252
801724
160080
203707
104148
673095
12559
769441
94470
20410
636486
25505
68338
3855
564208
203554
612383
373183
698825
9612
361945
20253
401476
204098
19507
51393
284726
321916
785528
15204
105632
9949
755845
768675
409246
813147
7131
235663
728906
105009
24180
151346
8772
295891
514541
203940
801423
2436
66038
23981
19627
3037
469499
453016
832
475008
158727
15307
345268
108639
663401
110804
45431
28226
598282
35964
69811
642296
487601
352725
203663
160639
16457
727099
120126
10326
14866
254931
423756
222083
198287
116363
16597
7392
22030
483209
147370
17859
17377
33150
25915
35528
373174
65748
48580
47029
129084
131031
17282
82615
106639
45789
21454
720
410044
15884
507568
45860
203523
317891
308543
25486
117832
56331
128873
65980
14145
154801
786341
62623
766940
619357
360965
10156
464246
203395
521144
153261
101211
26763
5150
153610
0
457491
184203
14142
775624
594824
235813
30696
131227
266106
598813
602486
460218
698304
479261
56743
25988
9140
68450
203455
454209
131116
329418
11648
16662
203513
240976
26061
27467
783397
190738
279568
183550
66739
110326
540740
714167
26545
52945
491198
479310
27033
46443
12253
46995
38165
203910
158527
89995
48302
110680
433277
20791
69874
103948
25620
338953
17931
24636
14430
9706
1754
9330
7430
157440
20819
23008
239339
687415
25675
482403
4025
181583
66330
23123
319316
515392
1206
686228
575801
273700
18149
10649
285751
329257
680336
765965
235077
25167
562401
4172
107482
27600
156235
596440
317814
379181
19748
8288
684697
42435
40838
27725
10859
819549
28967
21342
1171
13373
159118
579358
771344
84752
41713
703843
4293
13554
123474
4567
191887
837852
112598
4544
844457
23839
320546
739900
24429
202971
203091
105784
742439
103977
3349
601897
44702
203274
814167
511391
481456
317511
45533
14006
715391
79966
435910
815925
511129
203501
364719
202929
203452
727920
15437
34188
518014
327081
17284
4850
137488
261082
446597
24516
805611
9800
8133
788937
428410
569359
823126
687914
65647
576086
310360
10429
382600
289779
17530
167435
590962
363533
62940
550311
729153
15318
286208
1165
722708
489726
15350
206720
6331
902
203792
768199
704782
126127
173937
27535
181542
448381
773377
45536
530986
476572
23380
16738
158885
5699
501126
561059
748518
793962
3263
426470
203227
267676
23276
534827
41418
20760
23571
693210
463544
170269
203805
26970
186870
71322
11291
174999
674
203166
663690
810854
26854
134169
267709
389959
25207
2702
9154
738237
676917
2562
356439
468846
1488
25229
70462
301072
768170
19174
332626
476382
126219
434610
157287
10615
648819
814971
293096
477619
470733
334066
11688
183098
5736
546848
312259
447209
573807
172296
46454
26809
28989
11467
665220
26330
671921
737527
709441
5184
70301
578987
169675
4126
26930
726876
31721
479882
203375
796373
210582
22862
190173
390353
688767
56350
198344
84857
156057
477197
184098
437938
82515
749284
3625
149998
3232
472884
20664
7339
509553
345696
11378
204016
469869
38762
8441
481166
12873
776383
44874
25921
50038
449261
133376
541703
27932
26110
122412
55533
25700
25926
163679
739
63700
482239
38767
554638
85384
293196
24310
66810
184093
558614
4654
10371
789845
27714
644718
5253
220540
345235
154696
11559
493207
562539
203991
424065
2789
65906
203982
66291
25683
220333
308887
5723
688928
770747
37458
438222
221142
8461
1657
21213
516107
217481
128844
234305
141625
203749
11678
485265
504689
5098
14046
477963
69551
818557
762487
9755
12721
505916
368597
204117
180595
67466
696711
785222
246539
422633
339564
361230
11125
198862
556925
90675
553227
23917
557744
84432
725881
4231
81731
59530
362039
105444
2385
83835
45515
374508
53119
7096
132627
169847
37194
20442
3834
542590
446
130355
264030
681245
242725
48596
259193
203378
342241
506445
53121
19043
15445
680349
197763
153619
203887
2869
219835
38865
761144
50222
7331
438017
739862
23771
26735
492971
12168
256743
65869
779798
476410
205941
6468
97893
352760
423030
11980
447019
581864
46031
302360
277468
589521
766484
18044
329032
13741
709221
171574
463574
526349
103120
558239
685494
97184
362574
94970
43981
597580
491937
489088
14768
62485
203255
751861
32790
37775
71792
124480
298941
8062
96117
25588
527414
4895
444091
604308
828946
15617
688961
196904
758922
47649
482268
203046
9911
711363
114865
824222
292376
455184
69635
18036
13547
467169
489182
7283
19388
202004
512794
246161
192672
340761
18361
785484
11183
95586
204028
11712
152579
568000
106333
511805
197520
4256
11303
204012
477964
293272
462087
247237
781912
47080
98607
427679
455520
56282
259654
10396
46055
338034
711832
6965
36910
236386
8732
203907
17529
92687
817348
378649
346148
34007
24971
373307
64184
131248
193003
44452
18042
711398
6628
35844
608813
37192
124597
321961
773616
302967
451456
379021
464338
547974
471982
334973
300331
269400
285433
336542
185333
655791
262751
337179
613830
841597
594983
69855
56099
720752
238232
574864
238242
229944
643529
420287
530613
192234
660615
845861
152900
15451
528592
440455
562480
738943
557600
330112
265476
566325
648804
164002
5261
718802
649247
281436
282619
662981
330390
744941
531809
76952
519450
734136
343147
541636
503655
664139
266971
265197
29181
60430
542721
463616
133134
517200
8234
490828
562683
631739
724610
144894
815535
461461
566831
586364
576406
320428
799007
166433
459977
492130
15358
542133
636592
44768
726254
694000
268006
644614
621296
717313
519831
340530
319821
272467
380840
609226
144655
384239
567640
36797
636127
256830
738008
225921
678593
250971
546271
196821
508950
831684
342176
49499
593823
575749
476462
447782
781080
611650
254675
592905
700764
484719
188788
291533
476114
615162
772820
96097
305651
97793
381588
335678
489743
539091
505788
411025
730245
215182
383694
781804
533745
130346
373488
741263
373945
566672
811025
198094
578623
239208
259325
72503
87024
811441
621451
497363
173633
740738
589615
293235
622611
288356
128433
210362
854230
106094
784983
262001
361588
780474
381836
17331
254579
678525
340586
842702
191036
573310
602732
275429
134918
118790
46064
609697
610444
435937
3908
4688
598875
290081
323733
813626
484198
87779
404813
731953
816638
433113
674273
396752
344745
104404
453521
80114
854146
172225
671067
467059
147083
409397
246199
161067
407340
170633
655868
219548
93426
335809
328951
688130
8002
132906
526067
462849
785718
544403
100750
333135
774737
635055
791337
310560
211111
218530
440588
818262
357450
164748
392814
347182
725531
484335
119285
415076
381150
152594
713434
429768
639370
351304
707785
169872
547209
747194
705923
748384
821884
506337
382089
137093
603651
10760
250617
523819
157906
397373
774779
735347
115657
694515
358925
257921
729553
580824
14869
821732
92437
408671
301789
231362
584903
273349
31832
401885
14542
152163
239639
584751
4330
53712
400805
332488
786936
181928
314456
677118
786011
375164
508049
750713
368231
298654
103926
478160
453372
156319
781855
212930
523328
223456
226099
205684
712622
281180
335989
690360
123084
229324
403788
618456
821024
838106
850283
560383
731749
420405
653397
189379
527927
165619
698054
597808
219646
742049
687642
760766
808135
827210
813338
375545
843119
199857
415032
829213
115831
283446
590109
332661
682297
739632
463678
104974
67561
233449
38508
578224
112707
353335
141926
696675
64409
679143
291609
834541
691514
436540
830749
650054
400782
182180
717490
373333
2291
192864
196087
149211
29050
673438
541377
145284
643753
706314
11796
706410
730230
110027
610616
433327
684407
244138
696793
321519
135445
807469
435827
494556
555508
540907
329126
278609
800079
545279
464758
190862
706116
270001
699207
442636
457523
768947
637146
124906
342616
234822
687354
658177
398010
686981
145083
282048
528749
237911
704262
145104
99660
611537
767418
76274
67559
376976
214758
71513
136954
331825
116170
593590
395887
646228
290061
61757
117800
117920
261551
631231
684162
258774
829762
400748
732495
36568
431434
317028
361944
579182
76802
158411
718617
652537
205793
85821
479541
344450
234171
45665
493755
91916
96276
304600
4237
763241
264360
4751
642310
310131
826830
335430
808052
138965
785428
480704
707383
547452
224872
744755
140898
838833
792813
688098
774184
781743
606655
268150
45818
245671
661183
524084
87887
823088
718237
308767
517223
87972
814970
739768
31491
400450
122764
607240
338928
736871
767296
512321
335637
806937
310382
573455
178699
178294
797946
753869
280737
382260
66919
410126
37755
231820
304240
563571
470996
176122
639895
394271
255591
497236
276635
806855
57932
244258
286660
554576
625759
651604
437162
786214
269399
20116
40033

27465
167117
12269
587904
501318
815257
196554
371728
64987
102390
179437
722217
368854
130269
355123
396933
461673
693759
608757
337692
424422
267659
615171
611899
388324
171079
777015
77538
324262
147666
425281
525010
542950
139503
426830
628376
817017
84598
843348
704194
376554
31707
241332
47414
502393
468313
576202
101453
603050
441187
647235
260344
152567
300640
88754
126506
477776
344044
64162
46290
35701
773694
191471
166617
136600
501114
370042
783919
533445
231933
173663
57773
612479
501110
684751
92569
338699
22461
498891
408732
271930
354644
596200
249620
764639
788411
498550
391558
583449
43361

265400
580922
629204
536643
450228
579936
211753
295475
59687
77428
238910
490526
327793
687228
802152
22651
625243
564159
567783
750649
196368
110032
452154
521133
845920
683646
575857
836182
508787
820098
223877
56809
686399
564531
747042
81841
359908
383555
216954
25461
724139
356959
363376
556434
518604
551582
577534
333605
547360
153433
713641
80413
830614
792224
241111
215065
44210
526845
587642
501581
386363
356850
155010
47178
262147
289938
367673
503704
328051
603258
651517
337120
376651
466474
49469
840707
716447
218698
599171
807278
289791
166966
51059
770464
840011
430247
690636
325382
804591
357071
356774
62082

148791
61174
450378
764521
28329
828365
569164
749579
689600
565016
71095
535777
69527
768134
203731
47720
433787
420513
590687
423828
571952
337380
51931
73481
73171
758926
749020
612472
46470
531374
405216
840858
124746
695002
775676
114958
845038
537014
652752
242801
452281
250623
559704
246574
395031
790686
10784
727971
601053
339101
778014
139947
230075
735322
569836
581312
442795
9356
643451
141253
578626
176465
3969
5869
333468
618466
691752
476852
40332
153238
736183
247493
824072
739255
282438
835197
133170
38120
152779
737585
482899
197963
374654
604605
659828
470179
756667
425596
762956
195726
827882
771627
85571
308863
219751
761960
184117
310009
346829
672650
579487
148241
622742
24647
568133
541534
376779
2584
500934
763280
74928
690041
468269
86210
126101
780023
7914
359095
739845
209997
741467
841863
597783
92984
378858
129099
397058
658500
483870
147787
518220
731347
728401
582486
713510
557640
800455
355096
798688
551999
442774
500127
259873
63523
466082
408649
638780
683449
505198
395099
773263
95246
271787
279922
2834
240789
394185
836963
767865
345535
521465
193581
813563
191694
248431
164470
381031
229676
235748
768686
191660
429977
848038
256589
581626
312928
226845
212223
649008
106730
32602
215305
278173
85131
1438
517380
728312
63987
65942
103951
393492
555071
67998
28388
509397
313994
168766
830827
226930
835493
288042
569992
736770
641635
414014
77059
43579
181428
826234
281098
446433
435712
296518
578560
474783
272282
232919
421791
64531
493638
288851
654642
183958
488494
113534
358465
33703
68509
832582
40104
550906
768100
92553
589918
293901
544266
386697
781147
463600
854689
550851
692577
374565
734589
390678
526886
157700
790279
511993
801242
712932
622305
53001
121627
563067
641995
326072
472124
23293
614216
434881
261498
510611
15360
582487
117163
215939
412677
514274
719812
691007
142295
823272
836714
175442
273101
234598
551739
294701
13112
339013
571236
745518
318258
614653
545872
108614
189974
496524
702886
421021
600326
434950
448344
712425
415110
239816
267081
380115
766575
88806
623650
844498
562530
81216
554404
17435
554481
482279
452047
351038
695648
736110
640658
229966
601036
420327
12890
419529
223710
367466
763927
666435
224810
78017
351605
210348
331971
780092
423817
403487
412496
328900
51805
745479
314786
790005
414551
820257
763900
820942
416380
471183
149610
252213
129818
784131
332307
761069
468864
608466
106906
51085
608937
280013
811658
402242
197863
47845
121103
189205
181504
476570
673697
116385
569500
503506
202267
666412
676236
390901
287262
278225
810878
85685
779458
550771
278074
48092
220078
724851
503307
252819
23480
652143
628786
733483
190724
24256
288548
432396
232680
562100
585716
478761
740894
163477
533485
829599
540940
739287
849414
631832
279706
781386
403485
631585
27041
744482
393098
479167
692075
783479
830311
699894
717447
46120
263754
384701
432717
97160
374272
819552
253927
693192
562675
110172
369952
852247
223968
754533
813854
85844
789135
754592
711541
227634
98564
340034
168677
664552
354201
285971
457578
668614
149552
655945
478525
180670
172092
686238
747282
243794
464159
212738
192058
55383
618687
202299
418017
153967
692140
703605
590292
346699
586449
506154
644829
612701
559237
293250
160392
21666
104049
751470
760346
665555
784260
694443
272977
155770
1326
554293
687528
466572
373574
346786
719790
570022
627212
343337
726192
661583
349891
613958
697014
387695
803879
482365
212249
309029
698071
33059
28481
119678
219138
710646
134192
41288
210549
508041
814684
797069
767403
440365
422673
559927
354276
257847
434143
540273
662293
71632
140294
819972
571649
529596
661533
666959
351744
698222
578044
692060
754328
1184
176111
514160
676811
754203
308812
821039
130932
466657
2782
849070
250437
203176
854308
35985
71931
23812
203652
13186
574203
691197
830474
203084
29868
49770
92328
21119
53055
25974
203769
95397
393037
18002
637929
13358
815634
203530
15255
398908
193287
9516
382568
323817
148841
533454
463549
37339
302784
554476
295892
284365
3080
97635
275305
187725
714633
5010
267293
420569
71456
288606
524899
752057
203411
35614
11446
25637
357140
500791
77871
8299
50688
